[
  [
    0,
    13,
    5,
    40,
    25,
    36,
    28,
    13,
    46,
    29
  ],
  [
    13,
    0,
    38,
    46,
    30,
    28,
    12,
    45,
    44,
    1
  ],
  [
    5,
    38,
    0,
    19,
    42,
    36,
    27,
    48,
    2,
    35
  ],
  [
    40,
    46,
    19,
    0,
    47,
    29,
    40,
    8,
    10,
    32
  ],
  [
    25,
    30,
    42,
    47,
    0,
    9,
    11,
    13,
    2,
    19
  ],
  [
    36,
    28,
    36,
    29,
    9,
    0,
    33,
    33,
    50,
    22
  ],
  [
    28,
    12,
    27,
    40,
    11,
    33,
    0,
    3,
    21,
    2
  ],
  [
    13,
    45,
    48,
    8,
    13,
    33,
    3,
    0,
    27,
    11
  ],
  [
    46,
    44,
    2,
    10,
    2,
    50,
    21,
    27,
    0,
    46
  ],
  [
    29,
    1,
    35,
    32,
    19,
    22,
    2,
    11,
    46,
    0
  ]
]