[
  [
    0,
    10,
    23,
    48,
    44,
    23,
    27,
    43,
    33,
    22,
    17,
    6
  ],
  [
    10,
    0,
    14,
    34,
    10,
    25,
    45,
    40,
    28,
    39,
    30,
    14
  ],
  [
    23,
    14,
    0,
    34,
    26,
    25,
    29,
    34,
    3,
    16,
    6,
    49
  ],
  [
    48,
    34,
    34,
    0,
    21,
    10,
    23,
    10,
    25,
    18,
    23,
    6
  ],
  [
    44,
    10,
    26,
    21,
    0,
    10,
    36,
    29,
    50,
    14,
    50,
    29
  ],
  [
    23,
    25,
    25,
    10,
    10,
    0,
    41,
    5,
    40,
    15,
    42,
    9
  ],
  [
    27,
    45,
    29,
    23,
    36,
    41,
    0,
    9,
    42,
    21,
    49,
    33
  ],
  [
    43,
    40,
    34,
    10,
    29,
    5,
    9,
    0,
    17,
    30,
    21,
    30
  ],
  [
    33,
    28,
    3,
    25,
    50,
    40,
    42,
    17,
    0,
    28,
    21,
    16
  ],
  [
    22,
    39,
    16,
    18,
    14,
    15,
    21,
    30,
    28,
    0,
    20,
    47
  ],
  [
    17,
    30,
    6,
    23,
    50,
    42,
    49,
    21,
    21,
    20,
    0,
    34
  ],
  [
    6,
    14,
    49,
    6,
    29,
    9,
    33,
    30,
    16,
    47,
    34,
    0
  ]
]