[
  [
    0,
    40,
    8,
    48,
    33,
    40,
    37,
    45,
    5,
    15,
    4,
    47,
    27,
    27
  ],
  [
    40,
    0,
    46,
    5,
    29,
    10,
    39,
    17,
    12,
    35,
    32,
    34,
    41,
    46
  ],
  [
    8,
    46,
    0,
    1,
    30,
    3,
    9,
    3,
    16,
    40,
    17,
    45,
    16,
    43
  ],
  [
    48,
    5,
    1,
    0,
    9,
    6,
    42,
    19,
    37,
    21,
    23,
    28,
    21,
    39
  ],
  [
    33,
    29,
    30,
    9,
    0,
    8,
    43,
    17,
    44,
    45,
    23,
    9,
    18,
    49
  ],
  [
    40,
    10,
    3,
    6,
    8,
    0,
    18,
    34,
    17,
    18,
    16,
    10,
    1,
    39
  ],
  [
    37,
    39,
    9,
    42,
    43,
    18,
    0,
    40,
    20,
    6,
    20,
    5,
    14,
    19
  ],
  [
    45,
    17,
    3,
    19,
    17,
    34,
    40,
    0,
    39,
    34,
    33,
    35,
    39,
    20
  ],
  [
    5,
    12,
    16,
    37,
    44,
    17,
    20,
    39,
    0,
    39,
    48,
    8,
    8,
    33
  ],
  [
    15,
    35,
    40,
    21,
    45,
    18,
    6,
    34,
    39,
    0,
    9,
    49,
    46,
    31
  ],
  [
    4,
    32,
    17,
    23,
    23,
    16,
    20,
    33,
    48,
    9,
    0,
    18,
    41,
    26
  ],
  [
    47,
    34,
    45,
    28,
    9,
    10,
    5,
    35,
    8,
    49,
    18,
    0,
    25,
    46
  ],
  [
    27,
    41,
    16,
    21,
    18,
    1,
    14,
    39,
    8,
    46,
    41,
    25,
    0,
    25
  ],
  [
    27,
    46,
    43,
    39,
    49,
    39,
    19,
    20,
    33,
    31,
    26,
    46,
    25,
    0
  ]
]